n_iter: 300
tol: 0.0001
alpha_1: 0.000001
alpha_2: 0.000001
lambda_1: 0.000001
lambda_2: 0.000001